-1.000000000000000e+00
-9.966555183946488e-01
-9.933110367892977e-01
-9.899665551839465e-01
-9.866220735785953e-01
-9.832775919732442e-01
-9.799331103678930e-01
-9.765886287625418e-01
-9.732441471571907e-01
-9.698996655518395e-01
-9.665551839464883e-01
-9.632107023411371e-01
-9.598662207357860e-01
-9.565217391304348e-01
-9.531772575250836e-01
-9.498327759197325e-01
-9.464882943143813e-01
-9.431438127090301e-01
-9.397993311036790e-01
-9.364548494983278e-01
-9.331103678929766e-01
-9.297658862876255e-01
-9.264214046822743e-01
-9.230769230769231e-01
-9.197324414715720e-01
-9.163879598662208e-01
-9.130434782608696e-01
-9.096989966555185e-01
-9.063545150501673e-01
-9.030100334448160e-01
-8.996655518394648e-01
-8.963210702341137e-01
-8.929765886287625e-01
-8.896321070234113e-01
-8.862876254180602e-01
-8.829431438127090e-01
-8.795986622073578e-01
-8.762541806020067e-01
-8.729096989966555e-01
-8.695652173913043e-01
-8.662207357859532e-01
-8.628762541806020e-01
-8.595317725752508e-01
-8.561872909698997e-01
-8.528428093645485e-01
-8.494983277591973e-01
-8.461538461538461e-01
-8.428093645484950e-01
-8.394648829431438e-01
-8.361204013377926e-01
-8.327759197324415e-01
-8.294314381270903e-01
-8.260869565217391e-01
-8.227424749163880e-01
-8.193979933110368e-01
-8.160535117056856e-01
-8.127090301003345e-01
-8.093645484949833e-01
-8.060200668896321e-01
-8.026755852842810e-01
-7.993311036789298e-01
-7.959866220735786e-01
-7.926421404682275e-01
-7.892976588628763e-01
-7.859531772575251e-01
-7.826086956521739e-01
-7.792642140468228e-01
-7.759197324414716e-01
-7.725752508361204e-01
-7.692307692307693e-01
-7.658862876254181e-01
-7.625418060200668e-01
-7.591973244147157e-01
-7.558528428093645e-01
-7.525083612040133e-01
-7.491638795986622e-01
-7.458193979933110e-01
-7.424749163879598e-01
-7.391304347826086e-01
-7.357859531772575e-01
-7.324414715719063e-01
-7.290969899665551e-01
-7.257525083612040e-01
-7.224080267558528e-01
-7.190635451505016e-01
-7.157190635451505e-01
-7.123745819397993e-01
-7.090301003344481e-01
-7.056856187290970e-01
-7.023411371237458e-01
-6.989966555183946e-01
-6.956521739130435e-01
-6.923076923076923e-01
-6.889632107023411e-01
-6.856187290969900e-01
-6.822742474916388e-01
-6.789297658862876e-01
-6.755852842809364e-01
-6.722408026755853e-01
-6.688963210702341e-01
-6.655518394648829e-01
-6.622073578595318e-01
-6.588628762541806e-01
-6.555183946488294e-01
-6.521739130434783e-01
-6.488294314381271e-01
-6.454849498327759e-01
-6.421404682274248e-01
-6.387959866220736e-01
-6.354515050167224e-01
-6.321070234113713e-01
-6.287625418060201e-01
-6.254180602006689e-01
-6.220735785953178e-01
-6.187290969899666e-01
-6.153846153846154e-01
-6.120401337792643e-01
-6.086956521739131e-01
-6.053511705685619e-01
-6.020066889632107e-01
-5.986622073578596e-01
-5.953177257525084e-01
-5.919732441471572e-01
-5.886287625418061e-01
-5.852842809364549e-01
-5.819397993311037e-01
-5.785953177257526e-01
-5.752508361204014e-01
-5.719063545150502e-01
-5.685618729096991e-01
-5.652173913043479e-01
-5.618729096989967e-01
-5.585284280936456e-01
-5.551839464882944e-01
-5.518394648829432e-01
-5.484949832775921e-01
-5.451505016722409e-01
-5.418060200668897e-01
-5.384615384615385e-01
-5.351170568561874e-01
-5.317725752508362e-01
-5.284280936454849e-01
-5.250836120401338e-01
-5.217391304347826e-01
-5.183946488294314e-01
-5.150501672240803e-01
-5.117056856187291e-01
-5.083612040133779e-01
-5.050167224080268e-01
-5.016722408026756e-01
-4.983277591973244e-01
-4.949832775919732e-01
-4.916387959866221e-01
-4.882943143812709e-01
-4.849498327759197e-01
-4.816053511705686e-01
-4.782608695652174e-01
-4.749163879598662e-01
-4.715719063545151e-01
-4.682274247491639e-01
-4.648829431438127e-01
-4.615384615384616e-01
-4.581939799331104e-01
-4.548494983277592e-01
-4.515050167224081e-01
-4.481605351170569e-01
-4.448160535117057e-01
-4.414715719063546e-01
-4.381270903010034e-01
-4.347826086956522e-01
-4.314381270903010e-01
-4.280936454849499e-01
-4.247491638795987e-01
-4.214046822742475e-01
-4.180602006688964e-01
-4.147157190635452e-01
-4.113712374581940e-01
-4.080267558528429e-01
-4.046822742474917e-01
-4.013377926421405e-01
-3.979933110367893e-01
-3.946488294314381e-01
-3.913043478260869e-01
-3.879598662207357e-01
-3.846153846153846e-01
-3.812709030100334e-01
-3.779264214046822e-01
-3.745819397993311e-01
-3.712374581939799e-01
-3.678929765886287e-01
-3.645484949832776e-01
-3.612040133779264e-01
-3.578595317725752e-01
-3.545150501672241e-01
-3.511705685618729e-01
-3.478260869565217e-01
-3.444816053511706e-01
-3.411371237458194e-01
-3.377926421404682e-01
-3.344481605351171e-01
-3.311036789297659e-01
-3.277591973244147e-01
-3.244147157190636e-01
-3.210702341137124e-01
-3.177257525083612e-01
-3.143812709030100e-01
-3.110367892976589e-01
-3.076923076923077e-01
-3.043478260869565e-01
-3.010033444816054e-01
-2.976588628762542e-01
-2.943143812709030e-01
-2.909698996655519e-01
-2.876254180602007e-01
-2.842809364548495e-01
-2.809364548494984e-01
-2.775919732441472e-01
-2.742474916387960e-01
-2.709030100334449e-01
-2.675585284280937e-01
-2.642140468227425e-01
-2.608695652173914e-01
-2.575250836120402e-01
-2.541806020066890e-01
-2.508361204013378e-01
-2.474916387959867e-01
-2.441471571906355e-01
-2.408026755852843e-01
-2.374581939799332e-01
-2.341137123745820e-01
-2.307692307692308e-01
-2.274247491638796e-01
-2.240802675585284e-01
-2.207357859531772e-01
-2.173913043478261e-01
-2.140468227424749e-01
-2.107023411371237e-01
-2.073578595317725e-01
-2.040133779264214e-01
-2.006688963210702e-01
-1.973244147157190e-01
-1.939799331103679e-01
-1.906354515050167e-01
-1.872909698996655e-01
-1.839464882943144e-01
-1.806020066889632e-01
-1.772575250836120e-01
-1.739130434782609e-01
-1.705685618729097e-01
-1.672240802675585e-01
-1.638795986622074e-01
-1.605351170568562e-01
-1.571906354515050e-01
-1.538461538461539e-01
-1.505016722408027e-01
-1.471571906354515e-01
-1.438127090301003e-01
-1.404682274247492e-01
-1.371237458193980e-01
-1.337792642140468e-01
-1.304347826086957e-01
-1.270903010033445e-01
-1.237458193979933e-01
-1.204013377926422e-01
-1.170568561872910e-01
-1.137123745819398e-01
-1.103678929765887e-01
-1.070234113712375e-01
-1.036789297658863e-01
-1.003344481605352e-01
-9.698996655518399e-02
-9.364548494983282e-02
-9.030100334448166e-02
-8.695652173913049e-02
-8.361204013377932e-02
-8.026755852842815e-02
-7.692307692307698e-02
-7.357859531772581e-02
-7.023411371237465e-02
-6.688963210702348e-02
-6.354515050167231e-02
-6.020066889632114e-02
-5.685618729096986e-02
-5.351170568561869e-02
-5.016722408026753e-02
-4.682274247491636e-02
-4.347826086956519e-02
-4.013377926421402e-02
-3.678929765886285e-02
-3.344481605351168e-02
-3.010033444816052e-02
-2.675585284280935e-02
-2.341137123745818e-02
-2.006688963210701e-02
-1.672240802675584e-02
-1.337792642140467e-02
-1.003344481605351e-02
-6.688963210702337e-03
-3.344481605351168e-03
0.000000000000000e+00
